lastTopupAmount, balance, lastTopupDate, weekConsumption, highestConsumptionDay, maximumConsumption, lowestConsumptionDay, minimumConsumption, averageConsumption,date
20.0, 22.09, 20220624, 0, 20220626, 0, 20220626, 0, 0, 2022-07-04
20.0, 21.75, 20220624, 0, 20220627, 0, 20220627, 0, 0, 2022-07-05
20.0, 21.40, 20220624, 0, 20220628, 0, 20220628, 0, 0, 2022-07-06
20.0, 21.06, 20220624, 0, 20220630, 0, 20220630, 0, 0, 2022-07-08
20.0, 20.98, 20220624, 0, 20220630, 0, 20220630, 0, 0, 2022-07-09
20.0, 21.45, 20220624, 0, 20220630, 0, 20220630, 0, 0, 2022-07-10
20.0, 20.06, 20220624, 0, 20220703, 0, 20220703, 0, 0, 2022-07-11
20.0, 20.03, 20220624, 0, 20220704, 0, 20220704, 0, 0, 2022-07-12
									 2022-07-14
									 2022-07-15
									 2022-07-16
20.0, 18.67, 20220624, 0, 20220709, 0, 20220709, 0, 0, 2022-07-17
20.0, 18.67, 20220624, 0, 20220710, 0, 20220710, 0, 0, 2022-07-18

