lastTopupAmount, balance, lastTopupDate, weekConsumption, highestConsumptionDay, maximumConsumption, lowestConsumptionDay, minimumConsumption, averageConsumption,date
30.0, 9.56, 20220625, 0, 20220630, 0, 20220626, 0, 0, 2022-07-04
30.0, 8.88, 20220625, 0, 20220630, 0, 20220627, 0, 0, 2022-07-05
30.0, 8.19, 20220625, 0, 20220630, 0, 20220628, 0, 0, 2022-07-06
30.0, 7.59, 20220625, 0, 20220630, 0, 20220628, 0, 0, 2022-07-07
30.0, 6.48, 20220625, 0, 20220630, 0, 20220630, 0, 0, 2022-07-08
30.0, 6.12, 20220625, 0, 20220630, 0, 20220628, 0, 0, 2022-07-09
30.0, 5.43, 20220625, 0, 20220630, 0, 20220628, 0, 0, 2022-07-10
30.0, 4.43, 20220625, 0, 20220703, 0, 20220703, 0, 0, 2022-07-11
30.0, 3.06, 20220625, 0, 20220704, 0, 20220704, 0, 0, 2022-07-12
30.0, 2.03, 20220625, 0, 20220705, 0, 20220705, 0, 0, 2022-07-13
									2022-07-14
									2022-07-15
									2022-07-16
5.0, 2.58, 20220715, 0, 20220709, 0, 20220709, 0, 0, 2022-07-17
5.0, 1.9, 20220715, 0, 20220710, 0, 20220710, 0, 0, 2022-07-18
5.0, 0.87, 20220715, 0, 20220711, 0, 20220711, 0, 0, 2022-07-19
10.0, 9.49, 20220720, 0, 20220712, 0, 20220712, 0, 0, 2022-07-20